%YAML:1.0
R: !!opencv-matrix
   rows: 3
   cols: 3
   dt: d
   data: [ 9.9985959899457999e-001, -1.3364699975357275e-003,
       1.6703177731900838e-002, 1.4987060042480826e-003,
       9.9995179058701811e-001, -9.7041425241520176e-003,
       -1.6689403186172111e-002, 9.7278132055417053e-003,
       9.9981339932585800e-001 ]
T: !!opencv-matrix
   rows: 3
   cols: 1
   dt: d
   data: [ -5.2018286481997158e+001, 7.9969682336467540e-001,
       7.8336606149223469e+000 ]
R1: !!opencv-matrix
   rows: 3
   cols: 3
   dt: d
   data: [ 9.9105914303754383e-001, -1.7969343839845910e-002,
       -1.3220770659706221e-001, 1.7342849600981779e-002,
       9.9983225994412173e-001, -5.8887641104077206e-003,
       1.3229134729606179e-001, 3.5432551412073353e-003,
       9.9120454234915467e-001 ]
R2: !!opencv-matrix
   rows: 3
   cols: 3
   dt: d
   data: [ 9.8873572400553189e-001, -1.5200208832485162e-002,
       -1.4889802458966903e-001, 1.5905807755920855e-002,
       9.9986719585683559e-001, 3.5490743891618032e-003,
       1.4882430364321728e-001, -5.8774399900770446e-003,
       9.8884618740442876e-001 ]
P1: !!opencv-matrix
   rows: 3
   cols: 4
   dt: d
   data: [ 9.1222438081157338e+002, 0., 8.2571205639505126e+002, 0., 0.,
       9.1222438081157338e+002, 4.6760766691631534e+002, 0., 0., 0., 1.,
       0. ]
P2: !!opencv-matrix
   rows: 3
   cols: 4
   dt: d
   data: [ 9.1222438081157338e+002, 0., 8.2571205639505126e+002,
       -4.7992955068601739e+004, 0., 9.1222438081157338e+002,
       4.6760766691631534e+002, 0., 0., 0., 1., 0. ]
Q: !!opencv-matrix
   rows: 4
   cols: 4
   dt: d
   data: [ 1., 0., 0., -8.2571205639505126e+002, 0., 1., 0.,
       -4.6760766691631534e+002, 0., 0., 0., 9.1222438081157338e+002, 0.,
       0., 1.9007464314452573e-002, 0. ]
