%YAML:1.0
R1: !!opencv-matrix
   rows: 3
   cols: 3
   dt: d
   data: [ -9.9283317982992692e-001, 1.1381976634860123e-001,
       3.6432647682343777e-002, -1.1882342091331353e-001,
       -9.7274790412007783e-001, -1.9910426834313077e-001,
       1.2777780372720766e-002, -2.0200637568736718e-001,
       9.7930084882552815e-001 ]
T1: !!opencv-matrix
   rows: 0
   cols: 0
   dt: u
   data: []
R2: !!opencv-matrix
   rows: 3
   cols: 3
   dt: d
   data: [ -9.9171288976211502e-001, 1.0730477186276825e-001,
       7.0648639159960933e-002, -1.1934415220938742e-001,
       -9.7303903161931626e-001, -1.9736265168153228e-001,
       4.7565929120513079e-002, -2.0415858757549860e-001,
       9.7778154692450658e-001 ]
T2: !!opencv-matrix
   rows: 0
   cols: 0
   dt: u
   data: []
