%YAML:1.0
image_width: 960
image_height: 1080
M1: !!opencv-matrix
   rows: 3
   cols: 3
   dt: d
   data: [ 1.0350961667179406e+003, 0., 6.6192789877177017e+002, 0.,
       1.0370870222541998e+003, 4.8326461348791247e+002, 0., 0., 1. ]
D1: !!opencv-matrix
   rows: 4
   cols: 1
   dt: d
   data: [ -1.8028305395605512e-001, 1.6808721666594140e+000,
       -7.4498139045744090e+000, 1.1606589693239956e+001 ]
M2: !!opencv-matrix
   rows: 3
   cols: 3
   dt: d
   data: [ 1.0443585125693694e+003, 0., 6.5883542424624022e+002, 0.,
       1.0523843611836978e+003, 4.5874708491699226e+002, 0., 0., 1. ]
D2: !!opencv-matrix
   rows: 4
   cols: 1
   dt: d
   data: [ -9.8246095802832598e-002, 3.8171922281392545e-001,
       -6.6895821523626298e-001, 3.8088654887551221e-001 ]
